0     0.999563
1     0.999543
2     0.999521
3     0.999496
4     0.999468
5     0.999437
6     0.999404
7     0.999368
8     0.99933
9     0.999289
10     0.999245
11     0.999199
12     0.99915
13     0.999099
14     0.999046
15     0.99899
16     0.998932
17     0.998872
18     0.998809
19     0.998744
20     0.998677
21     0.998608
22     0.998537
23     0.998464
24     0.998388
25     0.99831
26     0.998231
27     0.998149
28     0.998065
29     0.997979
30     0.997891
31     0.9978
32     0.997708
33     0.997613
34     0.997515
35     0.997415
36     0.997313
37     0.997207
38     0.997099
39     0.996988
40     0.996874
41     0.996756
42     0.996635
43     0.99651
44     0.996381
45     0.996247
46     0.996109
47     0.995966
48     0.995818
49     0.995663
50     0.995503
51     0.995336
52     0.995162
53     0.99498
54     0.99479
55     0.994591
56     0.994383
57     0.994165
58     0.993936
59     0.993695
60     0.993442
61     0.993175
62     0.992895
63     0.992599
64     0.992286
65     0.991957
66     0.991609
67     0.991241
68     0.990853
69     0.990442
70     0.990007
71     0.989547
72     0.98906
73     0.988545
74     0.988
75     0.987423
76     0.986813
77     0.986167
78     0.985483
79     0.98476
80     0.983995
81     0.983187
82     0.982332
83     0.981429
84     0.980475
85     0.979468
86     0.978405
87     0.977284
88     0.976103
89     0.974858
90     0.973548
91     0.97217
92     0.970721
93     0.969199
94     0.967602
95     0.965928
96     0.964173
97     0.962338
98     0.960418
99     0.958414
100     0.956323
101     0.954145
102     0.951878
103     0.949523
104     0.947078
105     0.944545
106     0.941923
107     0.939215
108     0.93642
109     0.933543
110     0.930584
111     0.927547
112     0.924436
113     0.921254
114     0.918006
115     0.914698
116     0.911333
117     0.907919
118     0.904462
119     0.900968
120     0.897444
121     0.893898
122     0.890336
123     0.886766
124     0.883196
125     0.879633
126     0.876085
127     0.872559
128     0.869062
129     0.865601
130     0.862184
131     0.858816
132     0.855504
133     0.852253
134     0.849069
135     0.845958
136     0.842922
137     0.839967
138     0.837096
139     0.834313
140     0.83162
141     0.82902
142     0.826514
143     0.824105
144     0.821794
145     0.819581
146     0.817467
147     0.815453
148     0.813537
149     0.81172
150     0.81
151     0.808378
152     0.806851
153     0.805419
154     0.804079
155     0.80283
156     0.80167
157     0.800596
158     0.799607
159     0.798699
160     0.797871
161     0.797119
162     0.796441
163     0.795833
164     0.795293
165     0.794817
166     0.794403
167     0.794047
168     0.793745
169     0.793496
170     0.793294
171     0.793136
172     0.793021
173     0.792943
174     0.792899
175     0.792887
176     0.792903
177     0.792944
178     0.793006
179     0.793086
180     0.793183
181     0.793292
182     0.793411
183     0.793537
184     0.793668
185     0.793801
186     0.793934
187     0.794065
188     0.794192
189     0.794313
190     0.794427
191     0.794531
192     0.794624
193     0.794705
194     0.794772
195     0.794825
196     0.794861
197     0.794881
198     0.794883
199     0.794866
200     0.794829
201     0.794772
202     0.794694
203     0.794593
204     0.794471
205     0.794325
206     0.794156
207     0.793963
208     0.793747
209     0.793508
210     0.793245
211     0.79296
212     0.792653
213     0.792325
214     0.791978
215     0.791613
216     0.791232
217     0.790838
218     0.790432
219     0.790019
220     0.789599
221     0.789177
222     0.788756
223     0.788339
224     0.787929
225     0.787529
226     0.787143
227     0.786774
228     0.786423
229     0.786093
230     0.785787
231     0.785505
232     0.785248
233     0.785018
234     0.784815
235     0.784638
236     0.784487
237     0.784361
238     0.784259
239     0.784179
240     0.784121
241     0.784082
242     0.784061
243     0.784056
244     0.784065
245     0.784087
246     0.784119
247     0.784161
248     0.784211
249     0.784269
250     0.784333
251     0.784403
252     0.784479
253     0.784561
254     0.784649
255     0.784744
256     0.784847
257     0.784958
258     0.785079
259     0.785211
260     0.785355
261     0.785514
262     0.785688
263     0.78588
264     0.78609
265     0.78632
266     0.786571
267     0.786845
268     0.787143
269     0.787465
270     0.787813
271     0.788186
272     0.788586
273     0.789013
274     0.789467
275     0.789947
276     0.790454
277     0.790987
278     0.791545
279     0.792127
280     0.792732
281     0.793357
282     0.794002
283     0.794663
284     0.79534
285     0.796028
286     0.796725
287     0.797429
288     0.798136
289     0.798843
290     0.799548
291     0.800246
292     0.800935
293     0.801611
294     0.802272
295     0.802915
296     0.803537
297     0.804136
298     0.80471
299     0.805257
300     0.805774
301     0.806262
302     0.806719
303     0.807145
304     0.807539
305     0.807902
306     0.808235
307     0.808539
308     0.808815
309     0.809065
310     0.809292
311     0.809498
312     0.809686
313     0.809858
314     0.810019
315     0.810172
316     0.81032
317     0.810466
318     0.810614
319     0.810767
320     0.810928
321     0.811099
322     0.811283
323     0.811481
324     0.811695
325     0.811924
326     0.81217
327     0.812433
328     0.812711
329     0.813003
330     0.813309
331     0.813627
332     0.813954
333     0.81429
334     0.814632
335     0.814978
336     0.815328
337     0.815678
338     0.816029
339     0.816379
340     0.816727
341     0.817073
342     0.817417
343     0.817759
344     0.8181
345     0.818439
346     0.818779
347     0.81912
348     0.819463
349     0.819811
350     0.820164
351     0.820525
352     0.820894
353     0.821273
354     0.821662
355     0.822063
356     0.822476
357     0.822901
358     0.823337
359     0.823785
360     0.824244
361     0.824712
362     0.825188
363     0.825671
364     0.826159
365     0.826651
366     0.827143
367     0.827636
368     0.828126
369     0.828613
370     0.829094
371     0.829569
372     0.830035
373     0.830491
374     0.830937
375     0.831371
376     0.831793
377     0.832201
378     0.832597
379     0.832978
380     0.833346
381     0.833699
382     0.834039
383     0.834365
384     0.834678
385     0.834979
386     0.835268
387     0.835547
388     0.835817
389     0.836079
390     0.836334
391     0.836583
392     0.836828
393     0.837069
394     0.837307
395     0.837542
396     0.837773
397     0.837999
398     0.83822
399     0.838434
400     0.83864
401     0.838836
402     0.839022
403     0.839195
404     0.839355
405     0.839502
406     0.839637
407     0.839758
408     0.839868
409     0.839967
410     0.840057
411     0.84014
412     0.840217
413     0.84029
414     0.840363
415     0.840435
416     0.840509
417     0.840587
418     0.84067
419     0.840759
420     0.840855
421     0.840959
422     0.841071
423     0.841191
424     0.841319
425     0.841454
426     0.841597
427     0.841748
428     0.841905
429     0.842067
430     0.842236
431     0.842409
432     0.842588
433     0.842771
434     0.842959
435     0.843151
436     0.843347
437     0.843549
438     0.843755
439     0.843967
440     0.844185
441     0.844409
442     0.84464
443     0.844878
444     0.845123
445     0.845376
446     0.845636
447     0.845903
448     0.846178
449     0.846458
450     0.846744
451     0.847033
452     0.847325
453     0.847618
454     0.84791
455     0.8482
456     0.848484
457     0.848761
458     0.849029
459     0.849286
460     0.849528
461     0.849755
462     0.849964
463     0.850153
464     0.850322
465     0.850467
466     0.85059
467     0.850688
468     0.850764
469     0.850816
470     0.850848
471     0.850861
472     0.850859
473     0.850845
474     0.850824
475     0.8508
476     0.850778
477     0.850764
478     0.850763
479     0.850779
480     0.850817
481     0.850879
482     0.850968
483     0.851084
484     0.851228
485     0.851398
486     0.851591
487     0.851805
488     0.852035
489     0.852278
490     0.852529
491     0.852784
492     0.853039
493     0.853292
494     0.853538
495     0.853776
496     0.854003
497     0.854219
498     0.854423
499     0.854615
500     0.854793
501     0.85496
502     0.855114
503     0.855256
504     0.855388
505     0.855509
506     0.85562
507     0.855722
508     0.855815
509     0.855899
510     0.855975
511     0.856042
512     0.856102
513     0.856152
514     0.856194
515     0.856228
516     0.856251
517     0.856265
518     0.856267
519     0.856258
520     0.856236
521     0.8562
522     0.856149
523     0.856082
524     0.855998
525     0.855897
526     0.855777
527     0.85564
528     0.855485
529     0.855312
530     0.855124
531     0.85492
532     0.854704
533     0.854477
534     0.854241
535     0.854
536     0.853755
537     0.853511
538     0.85327
539     0.853034
540     0.852809
541     0.852594
542     0.852395
543     0.852212
544     0.852048
545     0.851903
546     0.851779
547     0.851676
548     0.851593
549     0.85153
550     0.851485
551     0.851457
552     0.851442
553     0.851438
554     0.851442
555     0.851452
556     0.851466
557     0.85148
558     0.851493
559     0.851504
560     0.851513
561     0.851519
562     0.851524
563     0.851528
564     0.851534
565     0.851544
566     0.851561
567     0.851588
568     0.851627
569     0.851683
570     0.851758
571     0.851854
572     0.851975
573     0.85212
574     0.852292
575     0.852491
576     0.852716
577     0.852966
578     0.853238
579     0.85353
580     0.853838
581     0.854159
582     0.854487
583     0.854819
584     0.85515
585     0.855475
586     0.855791
587     0.856095
588     0.856383
589     0.856655
590     0.856907
591     0.85714
592     0.857354
593     0.857548
594     0.857723
595     0.857882
596     0.858025
597     0.858155
598     0.858273
599     0.858382
600     0.858483
601     0.858578
602     0.85867
603     0.85876
604     0.858849
605     0.85894
606     0.859032
607     0.859127
608     0.859225
609     0.859328
610     0.859435
611     0.859546
612     0.859663
613     0.859784
614     0.859911
615     0.860042
616     0.860178
617     0.86032
618     0.860466
619     0.860617
620     0.860773
621     0.860932
622     0.861095
623     0.861261
624     0.861429
625     0.861597
626     0.861765
627     0.861932
628     0.862095
629     0.862253
630     0.862405
631     0.862548
632     0.862681
633     0.862802
634     0.86291
635     0.863002
636     0.863078
637     0.863135
638     0.863174
639     0.863192
640     0.86319
641     0.863168
642     0.863128
643     0.86307
644     0.862999
645     0.862917
646     0.862831
647     0.862747
648     0.862671
649     0.862612
650     0.862578
651     0.862579
652     0.862621
653     0.862714
654     0.862862
655     0.86307
656     0.863339
657     0.863667
658     0.864051
659     0.864483
660     0.864954
661     0.865455
662     0.865973
663     0.866496
664     0.867016
665     0.867522
666     0.868009
667     0.86847
668     0.868905
669     0.869311
670     0.86969
671     0.870046
672     0.870381
673     0.870701
674     0.87101
675     0.871314
676     0.871619
677     0.871928
678     0.872248
679     0.87258
680     0.872929
681     0.873297
682     0.873684
683     0.874091
684     0.874518
685     0.874963
686     0.875426
687     0.875902
688     0.876391
689     0.876888
690     0.877393
691     0.877901
692     0.878412
693     0.878922
694     0.879431
695     0.879936
696     0.880437
697     0.880933
698     0.881424
699     0.881908
700     0.882387
701     0.882858
702     0.883323
703     0.883781
704     0.884231
705     0.884673
706     0.885105
707     0.885527
708     0.885939
709     0.886338
710     0.886724
711     0.887095
712     0.887452
713     0.887793
714     0.888118
715     0.888427
716     0.888721
717     0.889
718     0.889266
719     0.889521
720     0.889766
721     0.890004
722     0.890239
723     0.890472
724     0.890708
725     0.890949
726     0.891199
727     0.89146
728     0.891737
729     0.89203
730     0.892344
731     0.892678
732     0.893036
733     0.893418
734     0.893825
735     0.894257
736     0.894713
737     0.895194
738     0.895697
739     0.896222
740     0.896767
741     0.89733
742     0.897908
743     0.8985
744     0.899102
745     0.899712
746     0.900328
747     0.900946
748     0.901564
749     0.902178
750     0.902787
751     0.903385
752     0.90397
753     0.904539
754     0.905086
755     0.905609
756     0.906103
757     0.906565
758     0.906991
759     0.907376
760     0.907717
761     0.908011
762     0.908255
763     0.908448
764     0.908586
765     0.90867
766     0.9087
767     0.908677
768     0.908603
769     0.908482
770     0.908318
771     0.908117
772     0.907884
773     0.907628
774     0.907355
775     0.907071
776     0.906782
777     0.906494
778     0.906211
779     0.905934
780     0.905664
781     0.905402
782     0.905147
783     0.904896
784     0.904649
785     0.904405
786     0.904161
787     0.903919
788     0.90368
789     0.903443
790     0.903211
791     0.902987
792     0.902772
793     0.90257
794     0.902382
795     0.902211
796     0.902058
797     0.901923
798     0.901807
799     0.901709
800     0.901627
801     0.901559
802     0.901502
803     0.901453
804     0.901408
805     0.901364
806     0.901317
807     0.901263
808     0.901199
809     0.901124
810     0.901034
811     0.900928
812     0.900807
813     0.900669
814     0.900515
815     0.900347
816     0.900166
817     0.899974
818     0.899775
819     0.89957
820     0.899362
821     0.899155
822     0.89895
823     0.898751
824     0.89856
825     0.898378
826     0.898206
827     0.898046
828     0.897899
829     0.897764
830     0.897641
831     0.89753
832     0.897429
833     0.897339
834     0.897259
835     0.897186
836     0.897121
837     0.897064
838     0.897013
839     0.896968
840     0.896931
841     0.8969
842     0.896878
843     0.896865
844     0.896862
845     0.896869
846     0.896889
847     0.896921
848     0.896967
849     0.897027
850     0.8971
851     0.897187
852     0.897286
853     0.897395
854     0.897513
855     0.897636
856     0.897762
857     0.897887
858     0.898007
859     0.898118
860     0.898215
861     0.898295
862     0.898353
863     0.898387
864     0.898395
865     0.898375
866     0.898327
867     0.898253
868     0.898155
869     0.898037
870     0.897905
871     0.897765
872     0.897624
873     0.897489
874     0.897366
875     0.897262
876     0.897181
877     0.897126
878     0.8971
879     0.897103
880     0.897133
881     0.897188
882     0.897266
883     0.89736
884     0.897468
885     0.897582
886     0.897698
887     0.897811
888     0.897914
889     0.898004
890     0.898076
891     0.898126
892     0.898152
893     0.89815
894     0.898119
895     0.898058
896     0.897965
897     0.89784
898     0.897685
899     0.8975
900     0.897288
901     0.89705
902     0.896791
903     0.896513
904     0.896223
905     0.895924
906     0.895623
907     0.895324
908     0.895034
909     0.894758
910     0.894501
911     0.894268
912     0.894064
913     0.893891
914     0.893754
915     0.893654
916     0.893593
917     0.893572
918     0.89359
919     0.893649
920     0.893746
921     0.89388
922     0.89405
923     0.894252
924     0.894486
925     0.894749
926     0.895037
927     0.895348
928     0.895679
929     0.896027
930     0.896389
931     0.896761
932     0.897142
933     0.897526
934     0.897912
935     0.898294
936     0.898671
937     0.899038
938     0.899392
939     0.89973
940     0.90005
941     0.90035
942     0.900626
943     0.900879
944     0.901106
945     0.901309
946     0.901488
947     0.901643
948     0.901778
949     0.901895
950     0.901997
951     0.90209
952     0.902178
953     0.902266
954     0.902359
955     0.902462
956     0.902581
957     0.902719
958     0.90288
959     0.903066
960     0.903278
961     0.903517
962     0.903783
963     0.904074
964     0.904388
965     0.904722
966     0.905073
967     0.905437
968     0.905811
969     0.90619
970     0.906569
971     0.906944
972     0.907311
973     0.907665
974     0.908002
975     0.908317
976     0.908608
977     0.90887
978     0.909102
979     0.909304
980     0.909473
981     0.909612
982     0.909721
983     0.909805
984     0.909866
985     0.90991
986     0.90994
987     0.909964
988     0.909985
989     0.91001
990     0.910042
991     0.910085
992     0.910143
993     0.910217
994     0.910308
995     0.910419
996     0.910549
997     0.910697
998     0.910864
999     0.911048
1000     0.91125
1001     0.911468
1002     0.911701
1003     0.911947
1004     0.912204
1005     0.91247
1006     0.912741
1007     0.913015
1008     0.913288
1009     0.913557
1010     0.913818
1011     0.914069
1012     0.914306
1013     0.914529
1014     0.914736
1015     0.914927
1016     0.915099
1017     0.915254
1018     0.915392
1019     0.915513
1020     0.915617
1021     0.915705
1022     0.915777
1023     0.915834
1024     0.915877
1025     0.915906
1026     0.915922
1027     0.915926
1028     0.915921
1029     0.915907
1030     0.915888
1031     0.915866
1032     0.915845
1033     0.915828
1034     0.915821
1035     0.915827
1036     0.915852
1037     0.9159
1038     0.915975
1039     0.916082
1040     0.916225
1041     0.916404
1042     0.916623
1043     0.916879
1044     0.917173
1045     0.917501
1046     0.91786
1047     0.918247
1048     0.918655
1049     0.919081
1050     0.919519
1051     0.919963
1052     0.920409
1053     0.920853
1054     0.921289
1055     0.921715
1056     0.922126
1057     0.922521
1058     0.922896
1059     0.923251
1060     0.923584
1061     0.923894
1062     0.924183
1063     0.924451
1064     0.924701
1065     0.924935
1066     0.925157
1067     0.925371
1068     0.925582
1069     0.925795
1070     0.926015
1071     0.926246
1072     0.926492
1073     0.926756
1074     0.92704
1075     0.927343
1076     0.927665
1077     0.928001
1078     0.92835
1079     0.928705
1080     0.929063
1081     0.929419
1082     0.929767
1083     0.930105
1084     0.93043
1085     0.93074
1086     0.931035
1087     0.931316
1088     0.931586
1089     0.931849
1090     0.93211
1091     0.932374
1092     0.932648
1093     0.932939
1094     0.933254
1095     0.933599
1096     0.933979
1097     0.934398
1098     0.934859
1099     0.93536
1100     0.935902
1101     0.936479
1102     0.937087
1103     0.93772
1104     0.938368
1105     0.939023
1106     0.939676
1107     0.940319
1108     0.940942
1109     0.941537
1110     0.942096
1111     0.942614
1112     0.943085
1113     0.943504
1114     0.943868
1115     0.944176
1116     0.944426
1117     0.944618
1118     0.944754
1119     0.944835
1120     0.944864
1121     0.944845
1122     0.94478
1123     0.944674
1124     0.944532
1125     0.944359
1126     0.944158
1127     0.943934
1128     0.943692
1129     0.943436
1130     0.943169
1131     0.942896
1132     0.942618
1133     0.942339
1134     0.942061
1135     0.941787
1136     0.941518
1137     0.941257
1138     0.941005
1139     0.940764
1140     0.940535
1141     0.940321
1142     0.940122
1143     0.939941
1144     0.939778
1145     0.939634
1146     0.93951
1147     0.939405
1148     0.93932
1149     0.939252
1150     0.939201
1151     0.939164
1152     0.939139
1153     0.939123
1154     0.939112
1155     0.939104
1156     0.939095
1157     0.939083
1158     0.939064
1159     0.939037
1160     0.938999
1161     0.93895
1162     0.938888
1163     0.938812
1164     0.938723
1165     0.938621
1166     0.938505
1167     0.938377
1168     0.938235
1169     0.93808
1170     0.937911
1171     0.937727
1172     0.937529
1173     0.937314
1174     0.937083
1175     0.936835
1176     0.936569
1177     0.936287
1178     0.935987
1179     0.935673
1180     0.935344
1181     0.935002
1182     0.934649
1183     0.934288
1184     0.933921
1185     0.933549
1186     0.933175
1187     0.932802
1188     0.932433
1189     0.93207
1190     0.931717
1191     0.931375
1192     0.931048
1193     0.930739
1194     0.930451
1195     0.930187
1196     0.929949
1197     0.929739
1198     0.92956
1199     0.929413
1200     0.929298
1201     0.929217
1202     0.929168
1203     0.929153
1204     0.929168
1205     0.929213
1206     0.929285
1207     0.929383
1208     0.929502
1209     0.929641
1210     0.929796
1211     0.929963
1212     0.93014
1213     0.930323
1214     0.930508
1215     0.930692
1216     0.930871
1217     0.931041
1218     0.9312
1219     0.931342
1220     0.931464
1221     0.931562
1222     0.931633
1223     0.931672
1224     0.931677
1225     0.931644
1226     0.93157
1227     0.931455
1228     0.931296
1229     0.931093
1230     0.930848
1231     0.930561
1232     0.930236
1233     0.929876
1234     0.929486
1235     0.929072
1236     0.92864
1237     0.928197
1238     0.927749
1239     0.927305
1240     0.92687
1241     0.92645
1242     0.926051
1243     0.925676
1244     0.925328
1245     0.92501
1246     0.924722
1247     0.924464
1248     0.924236
1249     0.924037
1250     0.923866
1251     0.923722
1252     0.923604
1253     0.923514
1254     0.923449
1255     0.923411
1256     0.9234
1257     0.923416
1258     0.92346
1259     0.923532
1260     0.923631
1261     0.923758
1262     0.923912
1263     0.924093
1264     0.924298
1265     0.924528
1266     0.924781
1267     0.925056
1268     0.925352
1269     0.925668
1270     0.926004
1271     0.926358
1272     0.926731
1273     0.927123
1274     0.927535
1275     0.927968
1276     0.928422
1277     0.9289
1278     0.929404
1279     0.929934
1280     0.930491
1281     0.931077
1282     0.931693
1283     0.932336
1284     0.933006
1285     0.933702
1286     0.93442
1287     0.935158
1288     0.935912
1289     0.936677
1290     0.937449
1291     0.938224
1292     0.938997
1293     0.939763
1294     0.940518
1295     0.941257
1296     0.941975
1297     0.942669
1298     0.943335
1299     0.94397
1300     0.944572
1301     0.945139
1302     0.94567
1303     0.946164
1304     0.946622
1305     0.947046
1306     0.947437
1307     0.947798
1308     0.948131
1309     0.94844
1310     0.948729
1311     0.949
1312     0.949257
1313     0.949502
1314     0.949737
1315     0.949963
1316     0.950182
1317     0.950395
1318     0.9506
1319     0.950797
1320     0.950986
1321     0.951165
1322     0.951335
1323     0.951494
1324     0.951642
1325     0.951779
1326     0.951905
1327     0.952021
1328     0.952126
1329     0.952221
1330     0.952306
1331     0.95238
1332     0.952443
1333     0.952495
1334     0.952534
1335     0.952559
1336     0.952568
1337     0.952561
1338     0.952537
1339     0.952496
1340     0.952437
1341     0.952364
1342     0.952276
1343     0.952178
1344     0.952074
1345     0.951967
1346     0.951865
1347     0.951773
1348     0.951699
1349     0.951648
1350     0.951629
1351     0.951648
1352     0.95171
1353     0.95182
1354     0.951982
1355     0.952197
1356     0.952467
1357     0.952787
1358     0.953156
1359     0.953568
1360     0.954017
1361     0.954495
1362     0.954995
1363     0.955509
1364     0.956032
1365     0.956556
1366     0.957075
1367     0.957585
1368     0.958081
1369     0.958558
1370     0.959013
1371     0.959441
1372     0.95984
1373     0.960207
1374     0.960536
1375     0.960827
1376     0.961076
1377     0.96128
1378     0.961438
1379     0.961548
1380     0.961609
1381     0.961621
1382     0.961584
1383     0.961498
1384     0.961366
1385     0.961191
1386     0.960975
1387     0.960724
1388     0.960444
1389     0.960142
1390     0.959824
1391     0.959501
1392     0.959182
1393     0.958875
1394     0.958593
1395     0.958345
1396     0.95814
1397     0.957988
1398     0.957894
1399     0.957864
1400     0.957901
1401     0.958006
1402     0.958175
1403     0.958406
1404     0.958691
1405     0.959023
1406     0.959393
1407     0.959793
1408     0.960214
1409     0.960646
1410     0.961083
1411     0.961518
1412     0.961943
1413     0.962355
1414     0.962748
1415     0.963119
1416     0.963463
1417     0.963777
1418     0.964058
1419     0.964305
1420     0.964513
1421     0.964683
1422     0.964813
1423     0.964904
1424     0.964956
1425     0.964974
1426     0.964963
1427     0.96493
1428     0.964886
1429     0.964845
1430     0.964822
1431     0.964836
1432     0.964904
1433     0.965044
1434     0.96527
1435     0.965588
1436     0.966001
1437     0.966502
1438     0.967081
1439     0.967719
1440     0.968399
1441     0.969101
1442     0.969808
1443     0.970504
1444     0.971176
1445     0.971816
1446     0.972417
1447     0.972975
1448     0.973488
1449     0.973957
1450     0.974382
1451     0.974765
1452     0.97511
1453     0.975419
1454     0.975696
1455     0.975946
1456     0.976172
1457     0.976377
1458     0.976566
1459     0.976741
1460     0.976904
1461     0.977059
1462     0.977206
1463     0.977346
1464     0.977479
1465     0.977603
1466     0.977717
1467     0.977818
1468     0.977904
1469     0.977971
1470     0.978016
1471     0.978034
1472     0.978023
1473     0.977978
1474     0.977898
1475     0.97778
1476     0.977623
1477     0.977426
1478     0.97719
1479     0.976917
1480     0.976609
1481     0.97627
1482     0.975906
1483     0.975524
1484     0.97513
1485     0.974732
1486     0.97434
1487     0.973961
1488     0.973604
1489     0.973275
1490     0.972979
1491     0.972722
1492     0.972503
1493     0.972323
1494     0.972179
1495     0.972066
1496     0.971981
1497     0.971917
1498     0.971867
1499     0.971826
1500     0.971789
1501     0.97175
1502     0.971706
1503     0.971652
1504     0.971586
1505     0.971506
1506     0.971411
1507     0.9713
1508     0.971172
1509     0.971029
1510     0.97087
1511     0.970697
1512     0.970514
1513     0.970322
1514     0.970125
1515     0.969927
1516     0.969733
1517     0.969549
1518     0.969378
1519     0.969228
1520     0.969105
1521     0.969013
1522     0.968958
1523     0.968945
1524     0.968978
1525     0.969061
1526     0.969196
1527     0.969386
1528     0.969629
1529     0.969926
1530     0.970272
1531     0.970665
1532     0.971098
1533     0.971564
1534     0.972055
1535     0.972563
1536     0.973077
1537     0.973587
1538     0.974086
1539     0.974563
1540     0.975013
1541     0.975428
1542     0.975804
1543     0.976139
1544     0.976433
1545     0.976684
1546     0.976897
1547     0.977073
1548     0.977218
1549     0.977337
1550     0.977433
1551     0.977513
1552     0.977581
1553     0.977641
1554     0.977696
1555     0.977749
1556     0.9778
1557     0.97785
1558     0.977901
1559     0.977951
1560     0.978001
1561     0.97805
1562     0.978098
1563     0.978145
1564     0.978192
1565     0.978237
1566     0.978283
1567     0.978329
1568     0.978376
1569     0.978423
1570     0.978471
1571     0.978518
1572     0.978566
1573     0.978612
1574     0.978655
1575     0.978695
1576     0.978728
1577     0.978755
1578     0.978773
1579     0.978782
1580     0.978781
1581     0.97877
1582     0.97875
1583     0.978722
1584     0.97869
1585     0.978655
1586     0.978621
1587     0.978595
1588     0.97858
1589     0.978582
1590     0.978606
1591     0.978659
1592     0.978746
1593     0.978871
1594     0.979037
1595     0.979247
1596     0.979504
1597     0.979806
1598     0.980152
1599     0.980541
1600     0.980968
1601     0.98143
1602     0.98192
1603     0.982432
1604     0.982961
1605     0.983501
1606     0.984044
1607     0.984586
1608     0.98512
1609     0.985642
1610     0.986147
1611     0.986633
1612     0.987097
1613     0.987537
1614     0.987952
1615     0.988343
1616     0.988711
1617     0.989056
1618     0.989382
1619     0.989692
1620     0.98999
1621     0.99028
1622     0.990568
1623     0.990859
1624     0.99116
1625     0.991477
1626     0.991816
1627     0.992185
1628     0.992589
1629     0.993033
1630     0.993523
1631     0.99406
1632     0.994647
1633     0.995283
1634     0.995967
1635     0.996696
1636     0.997466
1637     0.99827
1638     0.999104
1639     0.99996
1640     1.00083
1641     1.00172
1642     1.0026
1643     1.00349
1644     1.00436
1645     1.00523
1646     1.00608
1647     1.00691
1648     1.00771
1649     1.00849
1650     1.00923
1651     1.00994
1652     1.01062
1653     1.01126
1654     1.01186
1655     1.01242
1656     1.01295
1657     1.01343
1658     1.01388
1659     1.0143
1660     1.01468
1661     1.01503
1662     1.01534
1663     1.01562
1664     1.01588
1665     1.0161
1666     1.0163
1667     1.01648
1668     1.01663
1669     1.01676
1670     1.01687
1671     1.01697
1672     1.01705
1673     1.01712
1674     1.01718
1675     1.01723
1676     1.01727
1677     1.01729
1678     1.0173
1679     1.01728
1680     1.01725
1681     1.0172
1682     1.01712
1683     1.01702
1684     1.01689
1685     1.01674
1686     1.01655
1687     1.01635
1688     1.01611
1689     1.01585
1690     1.01557
1691     1.01528
1692     1.01497
1693     1.01465
1694     1.01432
1695     1.01398
1696     1.01365
1697     1.01331
1698     1.01297
1699     1.01264
1700     1.0123
1701     1.01196
1702     1.01162
1703     1.01128
1704     1.01093
1705     1.01057
1706     1.0102
1707     1.00982
1708     1.00943
1709     1.00903
1710     1.00861
1711     1.00818
1712     1.00774
1713     1.00729
1714     1.00684
1715     1.00638
1716     1.00592
1717     1.00547
1718     1.00502
1719     1.0046
1720     1.00419
1721     1.00381
1722     1.00347
1723     1.00317
1724     1.00291
1725     1.0027
1726     1.00255
1727     1.00246
1728     1.00243
1729     1.00246
1730     1.00256
1731     1.00273
1732     1.00297
1733     1.00327
1734     1.00364
1735     1.00406
1736     1.00454
1737     1.00507
1738     1.00565
1739     1.00627
1740     1.00692
1741     1.0076
1742     1.00831
1743     1.00902
1744     1.00975
1745     1.01048
1746     1.01121
1747     1.01194
1748     1.01264
1749     1.01333
1750     1.014
1751     1.01464
1752     1.01526
1753     1.01584
1754     1.01638
1755     1.01688
1756     1.01734
1757     1.01776
1758     1.01814
1759     1.01847
1760     1.01875
1761     1.01899
1762     1.01919
1763     1.01933
1764     1.01944
1765     1.0195
1766     1.01952
1767     1.0195
1768     1.01944
1769     1.01936
1770     1.01924
1771     1.01909
1772     1.01891
1773     1.01872
1774     1.0185
1775     1.01826
1776     1.018
1777     1.01772
1778     1.01743
1779     1.01712
1780     1.01679
1781     1.01645
1782     1.0161
1783     1.01574
1784     1.01537
1785     1.015
1786     1.01463
1787     1.01429
1788     1.01397
1789     1.01369
1790     1.01345
1791     1.01326
1792     1.01312
1793     1.01304
1794     1.01301
1795     1.01304
1796     1.01311
1797     1.01321
1798     1.01336
1799     1.01353
1800     1.01372
1801     1.01394
1802     1.01418
1803     1.01443
1804     1.0147
1805     1.01496
1806     1.01522
1807     1.01547
1808     1.0157
1809     1.01591
1810     1.0161
1811     1.01626
1812     1.01639
1813     1.0165
1814     1.01658
1815     1.01665
1816     1.01671
1817     1.01676
1818     1.01681
1819     1.01687
1820     1.01695
1821     1.01703
1822     1.01714
1823     1.01727
1824     1.01742
1825     1.0176
1826     1.01779
1827     1.018
1828     1.01822
1829     1.01845
1830     1.01868
1831     1.01891
1832     1.01915
1833     1.01939
1834     1.01963
1835     1.01987
1836     1.02013
1837     1.02041
1838     1.02073
1839     1.02109
1840     1.0215
1841     1.02197
1842     1.02251
1843     1.02312
1844     1.0238
1845     1.02453
1846     1.02531
1847     1.02612
1848     1.02695
1849     1.02779
1850     1.02862
1851     1.02942
1852     1.03019
1853     1.03091
1854     1.03158
1855     1.03219
1856     1.03273
1857     1.03321
1858     1.03363
1859     1.03398
1860     1.03427
1861     1.03449
1862     1.03466
1863     1.03478
1864     1.03485
1865     1.03487
1866     1.03485
1867     1.0348
1868     1.03472
1869     1.03462
1870     1.03449
1871     1.03434
1872     1.03418
1873     1.03401
1874     1.03384
1875     1.03367
1876     1.03349
1877     1.03332
1878     1.03316
1879     1.03301
1880     1.03288
1881     1.03276
1882     1.03266
1883     1.03259
1884     1.03253
1885     1.03251
1886     1.03252
1887     1.03255
1888     1.03261
1889     1.0327
1890     1.03282
1891     1.03296
1892     1.03311
1893     1.03327
1894     1.03344
1895     1.0336
1896     1.03375
1897     1.03389
1898     1.034
1899     1.03408
1900     1.03413
1901     1.03415
1902     1.03415
1903     1.03412
1904     1.03408
1905     1.03404
1906     1.03402
1907     1.03402
1908     1.03407
1909     1.03418
1910     1.03437
1911     1.03465
1912     1.03502
1913     1.03548
1914     1.03603
1915     1.03667
1916     1.0374
1917     1.03819
1918     1.03905
1919     1.03997
1920     1.04094
1921     1.04195
1922     1.043
1923     1.04408
1924     1.04519
1925     1.04632
1926     1.04746
1927     1.0486
1928     1.04974
1929     1.05088
1930     1.052
1931     1.0531
1932     1.05419
1933     1.05525
1934     1.05628
1935     1.05729
1936     1.05826
1937     1.0592
1938     1.06011
1939     1.06098
1940     1.06181
1941     1.0626
1942     1.06335
1943     1.06405
1944     1.06471
1945     1.06533
1946     1.0659
1947     1.06643
1948     1.06692
1949     1.06738
1950     1.06781
1951     1.06822
1952     1.06861
1953     1.06899
1954     1.06937
1955     1.06975
1956     1.07013
1957     1.07053
1958     1.07093
1959     1.07135
1960     1.07178
1961     1.07222
1962     1.07266
1963     1.07311
1964     1.07357
1965     1.07402
1966     1.07448
1967     1.07494
1968     1.0754
1969     1.07586
1970     1.07632
1971     1.07677
1972     1.07721
1973     1.07764
1974     1.07806
1975     1.07846
1976     1.07883
1977     1.07917
1978     1.07947
1979     1.07974
1980     1.07995
1981     1.08013
1982     1.08024
1983     1.08031
1984     1.08032
1985     1.08028
1986     1.08019
1987     1.08004
1988     1.07985
1989     1.07962
1990     1.07935
1991     1.07905
1992     1.07873
1993     1.0784
1994     1.07807
1995     1.07775
1996     1.07745
1997     1.07717
1998     1.07691
1999     1.07669
2000     1.0765
2001     1.07635
2002     1.07624
2003     1.07615
2004     1.07609
2005     1.07606
2006     1.07605
2007     1.07605
2008     1.07607
2009     1.0761
2010     1.07613
2011     1.07617
2012     1.07621
2013     1.07624
2014     1.07626
2015     1.07627
2016     1.07627
2017     1.07625
2018     1.07621
2019     1.07616
2020     1.07608
2021     1.076
2022     1.0759
2023     1.0758
2024     1.0757
2025     1.07561
2026     1.07553
2027     1.07547
2028     1.07543
2029     1.07541
2030     1.07541
2031     1.07543
2032     1.07546
2033     1.0755
2034     1.07555
2035     1.0756
2036     1.07564
2037     1.07567
2038     1.0757
2039     1.07572
2040     1.07572
2041     1.07573
2042     1.07572
2043     1.07572
2044     1.07573
2045     1.07574
2046     1.07577
2047     1.07581
2048     1.07588
2049     1.07596
2050     1.07607
2051     1.07619
2052     1.07633
2053     1.07649
2054     1.07665
2055     1.07682
2056     1.07698
2057     1.07714
2058     1.07727
2059     1.07739
2060     1.07748
2061     1.07753
2062     1.07755
2063     1.07753
2064     1.07746
2065     1.07735
2066     1.0772
2067     1.07701
2068     1.07678
2069     1.07651
2070     1.07622
2071     1.0759
2072     1.07557
2073     1.07522
2074     1.07487
2075     1.07452
2076     1.07419
2077     1.07387
2078     1.07357
2079     1.07329
2080     1.07304
2081     1.07281
2082     1.0726
2083     1.07242
2084     1.07226
2085     1.07211
2086     1.07197
2087     1.07184
2088     1.07171
2089     1.07159
2090     1.07146
2091     1.07134
2092     1.07121
2093     1.07109
2094     1.07098
2095     1.07088
2096     1.0708
2097     1.07076
2098     1.07076
2099     1.07081
2100     1.07094
2101     1.07115
2102     1.07146
2103     1.07188
2104     1.0724
2105     1.07305
2106     1.0738
2107     1.07467
2108     1.07563
2109     1.07668
2110     1.0778
2111     1.07897
2112     1.08017
2113     1.08139
2114     1.08262
2115     1.08384
2116     1.08504
2117     1.08621
2118     1.08733
2119     1.08842
2120     1.08945
2121     1.09043
2122     1.09135
2123     1.09221
2124     1.09301
2125     1.09374
2126     1.09441
2127     1.09501
2128     1.09554
2129     1.09601
2130     1.09642
2131     1.09676
2132     1.09703
2133     1.09725
2134     1.09742
2135     1.09754
2136     1.09762
2137     1.09766
2138     1.09767
2139     1.09765
2140     1.09761
2141     1.09755
2142     1.09748
2143     1.0974
2144     1.0973
2145     1.0972
2146     1.09708
2147     1.09697
2148     1.09685
2149     1.09675
2150     1.09665
2151     1.09659
2152     1.09656
2153     1.09658
2154     1.09666
2155     1.09681
2156     1.09704
2157     1.09735
2158     1.09775
2159     1.09823
2160     1.0988
2161     1.09945
2162     1.10016
2163     1.10093
2164     1.10175
2165     1.10259
2166     1.10346
2167     1.10434
2168     1.10521
2169     1.10607
2170     1.10691
2171     1.10772
2172     1.1085
2173     1.10924
2174     1.10995
2175     1.11062
2176     1.11125
2177     1.11185
2178     1.1124
2179     1.11293
2180     1.11341
2181     1.11386
2182     1.11428
2183     1.11467
2184     1.11502
2185     1.11534
2186     1.11563
2187     1.11588
2188     1.1161
2189     1.11629
2190     1.11644
2191     1.11655
2192     1.11663
2193     1.11668
2194     1.11669
2195     1.11668
2196     1.11664
2197     1.11658
2198     1.1165
2199     1.1164
2200     1.11629
2201     1.11617
2202     1.11603
2203     1.11589
2204     1.11574
2205     1.11559
2206     1.11543
2207     1.11527
2208     1.11511
2209     1.11496
2210     1.1148
2211     1.11465
2212     1.11451
2213     1.11437
2214     1.11424
2215     1.11412
2216     1.11401
2217     1.11391
2218     1.11382
2219     1.11373
2220     1.11364
2221     1.11355
2222     1.11346
2223     1.11336
2224     1.11326
2225     1.11315
2226     1.11303
2227     1.11291
2228     1.11278
2229     1.11264
2230     1.11251
2231     1.11238
2232     1.11226
2233     1.11215
2234     1.11207
2235     1.11201
2236     1.11199
2237     1.11201
2238     1.11208
2239     1.11219
2240     1.11236
2241     1.11258
2242     1.11286
2243     1.11319
2244     1.11357
2245     1.11401
2246     1.1145
2247     1.11503
2248     1.1156
2249     1.1162
2250     1.11685
2251     1.11753
2252     1.11824
2253     1.11899
2254     1.11977
2255     1.12058
2256     1.12144
2257     1.12234
2258     1.12328
2259     1.12426
2260     1.12529
2261     1.12636
2262     1.12746
2263     1.12859
2264     1.12973
2265     1.13089
2266     1.13204
2267     1.13318
2268     1.1343
2269     1.13539
2270     1.13645
2271     1.13746
2272     1.13843
2273     1.13935
2274     1.14022
2275     1.14104
2276     1.14182
2277     1.14255
2278     1.14324
2279     1.14388
2280     1.14449
2281     1.14505
2282     1.14559
2283     1.14608
2284     1.14654
2285     1.14696
2286     1.14735
2287     1.14769
2288     1.14798
2289     1.14823
2290     1.14844
2291     1.1486
2292     1.14872
2293     1.1488
2294     1.14884
2295     1.14886
2296     1.14885
2297     1.14882
2298     1.14878
2299     1.14873
2300     1.14868
2301     1.14863
2302     1.14858
2303     1.14852
2304     1.14846
2305     1.14839
2306     1.14831
2307     1.14821
2308     1.1481
2309     1.14797
2310     1.14782
2311     1.14764
2312     1.14745
2313     1.14723
2314     1.147
2315     1.14676
2316     1.1465
2317     1.14625
2318     1.146
2319     1.14577
2320     1.14556
2321     1.14538
2322     1.14523
2323     1.14513
2324     1.14509
2325     1.1451
2326     1.14517
2327     1.14529
2328     1.14548
2329     1.14572
2330     1.14601
2331     1.14635
2332     1.14672
2333     1.14712
2334     1.14753
2335     1.14795
2336     1.14837
2337     1.14878
2338     1.14918
2339     1.14956
2340     1.14992
2341     1.15025
2342     1.15055
2343     1.15083
2344     1.15108
2345     1.15131
2346     1.15151
2347     1.1517
2348     1.15187
2349     1.15202
2350     1.15217
2351     1.1523
2352     1.15243
2353     1.15255
2354     1.15267
2355     1.15279
2356     1.1529
2357     1.15302
2358     1.15314
2359     1.15326
2360     1.15339
2361     1.15351
2362     1.15364
2363     1.15376
2364     1.15389
2365     1.15401
2366     1.15413
2367     1.15425
2368     1.15436
2369     1.15448
2370     1.15459
2371     1.1547
2372     1.15481
2373     1.15493
2374     1.15504
2375     1.15516
2376     1.15529
2377     1.15543
2378     1.15558
2379     1.15574
2380     1.1559
2381     1.15608
2382     1.15626
2383     1.15644
2384     1.15663
2385     1.15681
2386     1.15698
2387     1.15714
2388     1.15729
2389     1.15741
2390     1.15751
2391     1.15757
2392     1.1576
2393     1.15758
2394     1.15752
2395     1.15741
2396     1.15725
2397     1.15703
2398     1.15676
2399     1.15644
2400     1.15607
2401     1.15566
2402     1.15523
2403     1.15477
2404     1.15431
2405     1.15386
2406     1.15344
2407     1.15306
2408     1.15274
2409     1.15249
2410     1.15233
2411     1.15224
2412     1.15224
2413     1.15234
2414     1.15252
2415     1.15279
2416     1.15314
2417     1.15359
2418     1.15412
2419     1.15473
2420     1.15542
2421     1.15618
2422     1.15701
2423     1.1579
2424     1.15884
2425     1.15982
2426     1.16083
2427     1.16186
2428     1.1629
2429     1.16393
2430     1.16496
2431     1.16596
2432     1.16693
2433     1.16786
2434     1.16874
2435     1.16958
2436     1.17036
2437     1.17109
2438     1.17177
2439     1.17238
2440     1.17294
2441     1.17343
2442     1.17387
2443     1.17425
2444     1.17456
2445     1.17482
2446     1.17501
2447     1.17515
2448     1.17522
2449     1.17524
2450     1.17519
2451     1.1751
2452     1.17495
2453     1.17477
2454     1.17454
2455     1.17429
2456     1.17401
2457     1.17373
2458     1.17344
2459     1.17317
2460     1.17293
2461     1.17272
2462     1.17255
2463     1.17244
2464     1.17239
2465     1.17241
2466     1.17249
2467     1.17265
2468     1.17287
2469     1.17316
2470     1.1735
2471     1.17388
2472     1.17431
2473     1.17476
2474     1.17522
2475     1.17568
2476     1.17614
2477     1.17657
2478     1.17698
2479     1.17735
2480     1.17767
2481     1.17795
2482     1.17817
2483     1.17834
2484     1.17846
2485     1.17852
2486     1.17853
2487     1.1785
2488     1.17842
2489     1.1783
2490     1.17815
2491     1.17798
2492     1.1778
2493     1.17762
2494     1.17745
2495     1.1773
2496     1.17718
2497     1.17709
2498     1.17704
2499     1.17704
2500     1.17709
2501     1.17718
2502     1.17733
2503     1.17752
2504     1.17775
2505     1.17803
2506     1.17836
2507     1.17874
2508     1.17916
2509     1.17963
2510     1.18014
2511     1.1807
2512     1.18129
2513     1.18192
2514     1.18259
2515     1.18327
2516     1.18396
2517     1.18466
2518     1.18535
2519     1.18603
2520     1.18668
2521     1.18731
2522     1.1879
2523     1.18845
2524     1.18897
2525     1.18945
2526     1.1899
2527     1.19032
2528     1.19072
2529     1.1911
2530     1.19146
2531     1.1918
2532     1.19214
2533     1.19246
2534     1.19277
2535     1.19307
2536     1.19335
2537     1.1936
2538     1.19382
2539     1.19401
2540     1.19416
2541     1.19427
2542     1.19433
2543     1.19434
2544     1.1943
2545     1.19422
2546     1.1941
2547     1.19394
2548     1.19375
2549     1.19353
2550     1.1933
2551     1.19306
2552     1.19281
2553     1.19256
2554     1.19231
2555     1.19206
2556     1.19182
2557     1.19157
2558     1.19132
2559     1.19107
2560     1.19081
2561     1.19055
2562     1.1903
2563     1.19006
2564     1.18985
2565     1.18968
2566     1.18957
2567     1.18953
2568     1.18958
2569     1.18973
2570     1.18999
2571     1.19035
2572     1.19081
2573     1.19137
2574     1.19201
2575     1.19272
2576     1.1935
2577     1.19432
2578     1.19518
2579     1.19605
2580     1.19694
2581     1.19782
2582     1.19869
2583     1.19954
2584     1.20036
2585     1.20114
2586     1.20189
2587     1.2026
2588     1.20327
2589     1.20391
2590     1.2045
2591     1.20506
2592     1.20558
2593     1.20608
2594     1.20656
2595     1.20701
2596     1.20745
2597     1.20787
2598     1.20829
2599     1.2087
2600     1.20912
2601     1.20953
2602     1.20995
2603     1.21038
2604     1.21082
2605     1.21128
2606     1.21175
2607     1.21224
2608     1.21276
2609     1.21329
2610     1.21384
2611     1.21442
2612     1.215
2613     1.2156
2614     1.2162
2615     1.21679
2616     1.21738
2617     1.21795
2618     1.21849
2619     1.219
2620     1.21948
2621     1.2199
2622     1.22028
2623     1.22059
2624     1.22085
2625     1.22105
2626     1.22118
2627     1.22125
2628     1.22125
2629     1.2212
2630     1.22109
2631     1.22092
2632     1.22071
2633     1.22045
2634     1.22016
2635     1.21984
2636     1.21951
2637     1.21917
2638     1.21883
2639     1.2185
2640     1.21819
2641     1.21791
2642     1.21767
2643     1.21746
2644     1.2173
2645     1.21719
2646     1.21712
2647     1.21709
2648     1.21711
2649     1.21717
2650     1.21726
2651     1.21738
2652     1.21754
2653     1.21772
2654     1.21794
2655     1.21819
2656     1.21847
2657     1.21879
2658     1.21917
2659     1.21959
2660     1.22009
2661     1.22066
2662     1.22131
2663     1.22204
2664     1.22287
2665     1.2238
2666     1.22483
2667     1.22595
2668     1.22715
2669     1.22844
2670     1.22979
2671     1.2312
2672     1.23265
2673     1.23414
2674     1.23563
2675     1.23713
2676     1.23861
2677     1.24007
2678     1.24149
2679     1.24288
2680     1.24422
2681     1.24551
2682     1.24674
2683     1.24791
2684     1.24903
2685     1.25008
2686     1.25108
2687     1.25201
2688     1.25288
2689     1.25368
2690     1.25442
2691     1.25509
2692     1.25568
2693     1.25621
2694     1.25666
2695     1.25704
2696     1.25735
2697     1.25758
2698     1.25774
2699     1.25783
2700     1.25786
2701     1.25784
2702     1.25776
2703     1.25765
2704     1.2575
2705     1.25734
2706     1.25716
2707     1.25698
2708     1.25681
2709     1.25665
2710     1.2565
2711     1.25637
2712     1.25626
2713     1.25615
2714     1.25604
2715     1.25593
2716     1.25581
2717     1.25567
2718     1.25551
2719     1.25532
2720     1.25511
2721     1.25486
2722     1.25459
2723     1.25429
2724     1.25398
2725     1.25365
2726     1.25332
2727     1.253
2728     1.25269
2729     1.2524
2730     1.25214
2731     1.25192
2732     1.25174
2733     1.25161
2734     1.25154
2735     1.25152
2736     1.25156
2737     1.25166
2738     1.25182
2739     1.25203
2740     1.25229
2741     1.25261
2742     1.25297
2743     1.25337
2744     1.25381
2745     1.25429
2746     1.25479
2747     1.25531
2748     1.25585
2749     1.25639
2750     1.25694
2751     1.25748
2752     1.25801
2753     1.25852
2754     1.25901
2755     1.25948
2756     1.25991
2757     1.26032
2758     1.2607
2759     1.26106
2760     1.26139
2761     1.2617
2762     1.262
2763     1.26229
2764     1.26257
2765     1.26285
2766     1.26313
2767     1.26341
2768     1.26369
2769     1.26398
2770     1.26427
2771     1.26457
2772     1.26488
2773     1.26522
2774     1.26558
2775     1.26598
2776     1.26642
2777     1.26692
2778     1.26748
2779     1.26811
2780     1.26879
2781     1.26953
2782     1.2703
2783     1.27111
2784     1.27194
2785     1.27277
2786     1.2736
2787     1.27443
2788     1.27526
2789     1.27608
2790     1.27691
2791     1.27776
2792     1.27862
2793     1.27952
2794     1.28044
2795     1.28141
2796     1.28241
2797     1.28345
2798     1.28451
2799     1.28559
2800     1.28668
2801     1.28777
2802     1.28884
2803     1.28989
2804     1.29089
2805     1.29185
2806     1.29275
2807     1.29359
2808     1.29436
2809     1.29506
2810     1.29568
2811     1.29624
2812     1.29673
2813     1.29715
2814     1.29751
2815     1.29781
2816     1.29805
2817     1.29824
2818     1.29839
2819     1.2985
2820     1.29857
2821     1.29862
2822     1.29864
2823     1.29865
2824     1.29864
2825     1.29864
2826     1.29863
2827     1.29863
2828     1.29864
2829     1.29866
2830     1.29869
2831     1.29874
2832     1.2988
2833     1.29888
2834     1.29897
2835     1.29907
2836     1.29917
2837     1.29929
2838     1.29941
2839     1.29954
2840     1.29967
2841     1.2998
2842     1.29994
2843     1.30008
2844     1.30023
2845     1.30039
2846     1.30055
2847     1.30072
2848     1.3009
2849     1.30109
2850     1.3013
2851     1.30152
2852     1.30175
2853     1.30199
2854     1.30224
2855     1.3025
2856     1.30277
2857     1.30304
2858     1.30332
2859     1.30359
2860     1.30387
2861     1.30414
2862     1.30441
2863     1.30468
2864     1.30494
2865     1.3052
2866     1.30546
2867     1.30572
2868     1.30597
2869     1.30623
2870     1.30649
2871     1.30674
2872     1.30699
2873     1.30722
2874     1.30744
2875     1.30763
2876     1.30778
2877     1.30789
2878     1.30794
2879     1.30793
2880     1.30784
2881     1.30766
2882     1.3074
2883     1.30706
2884     1.30664
2885     1.30616
2886     1.30566
2887     1.30517
2888     1.30473
2889     1.3044
2890     1.30423
2891     1.30427
2892     1.30453
2893     1.30505
2894     1.30582
2895     1.30682
2896     1.308
2897     1.30934
2898     1.31077
2899     1.31227
2900     1.31377
2901     1.31526
2902     1.3167
2903     1.31808
2904     1.31938
2905     1.32061
2906     1.32175
2907     1.3228
2908     1.32378
2909     1.32468
2910     1.32551
2911     1.32628
2912     1.32698
2913     1.32764
2914     1.32826
2915     1.32883
2916     1.32937
2917     1.32989
2918     1.33039
2919     1.33088
2920     1.33137
2921     1.33187
2922     1.33239
2923     1.33293
2924     1.3335
2925     1.3341
2926     1.33473
2927     1.3354
2928     1.33609
2929     1.33682
2930     1.33757
2931     1.33834
2932     1.33912
2933     1.3399
2934     1.34067
2935     1.34143
2936     1.34217
2937     1.34289
2938     1.34356
2939     1.3442
2940     1.34479
2941     1.34533
2942     1.34581
2943     1.34624
2944     1.3466
2945     1.3469
2946     1.34713
2947     1.3473
2948     1.34741
2949     1.34745
2950     1.34742
2951     1.34733
2952     1.34718
2953     1.34697
2954     1.34671
2955     1.34638
2956     1.34601
2957     1.34559
2958     1.34513
2959     1.34463
2960     1.34411
2961     1.34357
2962     1.34302
2963     1.34249
2964     1.34196
2965     1.34147
2966     1.34103
2967     1.34064
2968     1.34032
2969     1.34007
2970     1.33992
2971     1.33985
2972     1.33988
2973     1.34001
2974     1.34024
2975     1.34058
2976     1.34103
2977     1.34158
2978     1.34225
2979     1.34302
2980     1.3439
2981     1.34488
2982     1.34595
2983     1.3471
2984     1.3483
2985     1.34955
2986     1.35081
2987     1.35207
2988     1.3533
2989     1.35448
2990     1.35559
2991     1.35662
2992     1.35756
2993     1.35841
2994     1.35916
2995     1.35982
2996     1.36039
2997     1.36088
2998     1.36129
2999     1.36163
3000     1.36192
3001     1.36216
3002     1.36237
3003     1.36255
3004     1.3627
3005     1.36285
3006     1.363
3007     1.36315
3008     1.3633
3009     1.36347
3010     1.36365
3011     1.36385
3012     1.36407
3013     1.36432
3014     1.3646
3015     1.3649
3016     1.36524
3017     1.36561
3018     1.36601
3019     1.36644
3020     1.3669
3021     1.36739
3022     1.36789
3023     1.36841
3024     1.36894
3025     1.36948
3026     1.37002
3027     1.37056
3028     1.37111
3029     1.37164
3030     1.37218
3031     1.3727
3032     1.37322
3033     1.37372
3034     1.37421
3035     1.37469
3036     1.37516
3037     1.37562
3038     1.37607
3039     1.37653
3040     1.377
3041     1.37748
3042     1.37799
3043     1.37853
3044     1.3791
3045     1.37972
3046     1.38039
3047     1.38111
3048     1.38188
3049     1.38271
3050     1.38358
3051     1.3845
3052     1.38545
3053     1.38644
3054     1.38745
3055     1.38847
3056     1.38951
3057     1.39054
3058     1.39156
3059     1.39256
3060     1.39353
3061     1.39447
3062     1.39537
3063     1.39623
3064     1.39705
3065     1.39782
3066     1.39854
3067     1.39923
3068     1.39989
3069     1.40052
3070     1.40113
3071     1.40173
3072     1.40232
3073     1.4029
3074     1.40349
3075     1.40408
3076     1.40468
3077     1.40528
3078     1.4059
3079     1.40652
3080     1.40715
3081     1.40779
3082     1.40844
3083     1.40908
3084     1.40972
3085     1.41036
3086     1.41098
3087     1.4116
3088     1.4122
3089     1.41278
3090     1.41334
3091     1.41387
3092     1.41438
3093     1.41484
3094     1.41528
3095     1.41568
3096     1.41603
3097     1.41635
3098     1.41664
3099     1.41689
3100     1.4171
3101     1.41729
3102     1.41745
3103     1.41759
3104     1.41771
3105     1.41782
3106     1.41793
3107     1.41802
3108     1.41812
3109     1.41821
3110     1.4183
3111     1.4184
3112     1.4185
3113     1.4186
3114     1.41871
3115     1.41882
3116     1.41894
3117     1.41906
3118     1.41919
3119     1.41933
3120     1.41947
3121     1.41961
3122     1.41976
3123     1.4199
3124     1.42005
3125     1.42018
3126     1.42031
3127     1.42043
3128     1.42054
3129     1.42064
3130     1.42074
3131     1.42085
3132     1.42097
3133     1.42111
3134     1.42129
3135     1.4215
3136     1.42177
3137     1.42208
3138     1.42244
3139     1.42286
3140     1.42331
3141     1.4238
3142     1.42431
3143     1.42483
3144     1.42536
3145     1.42588
3146     1.42638
3147     1.42686
3148     1.42733
3149     1.42777
3150     1.42818
3151     1.42856
3152     1.42891
3153     1.42924
3154     1.42953
3155     1.4298
3156     1.43003
3157     1.43023
3158     1.43041
3159     1.43055
3160     1.43068
3161     1.43078
3162     1.43087
3163     1.43095
3164     1.43102
3165     1.43109
3166     1.43117
3167     1.43126
3168     1.43136
3169     1.43148
3170     1.43162
3171     1.4318
3172     1.43199
3173     1.43222
3174     1.43248
3175     1.43276
3176     1.43308
3177     1.43342
3178     1.43379
3179     1.43418
3180     1.43461
3181     1.43507
3182     1.43555
3183     1.43605
3184     1.43656
3185     1.43708
3186     1.43758
3187     1.43805
3188     1.43848
3189     1.43885
3190     1.43915
3191     1.43937
3192     1.4395
3193     1.43955
3194     1.43951
3195     1.43941
3196     1.43924
3197     1.43903
3198     1.43878
3199     1.43852
3200     1.43826
3201     1.43799
3202     1.43774
3203     1.4375
3204     1.43729
3205     1.43712
3206     1.43698
3207     1.4369
3208     1.43688
3209     1.43694
3210     1.43709
3211     1.43733
3212     1.43767
3213     1.43811
3214     1.43864
3215     1.43926
3216     1.43996
3217     1.44073
3218     1.44155
3219     1.44241
3220     1.44329
3221     1.4442
3222     1.44511
3223     1.44602
3224     1.44692
3225     1.4478
3226     1.44867
3227     1.44952
3228     1.45035
3229     1.45117
3230     1.45197
3231     1.45276
3232     1.45355
3233     1.45434
3234     1.45515
3235     1.45598
3236     1.45685
3237     1.45775
3238     1.45869
3239     1.45968
3240     1.46073
3241     1.46182
3242     1.46297
3243     1.46417
3244     1.46542
3245     1.4667
3246     1.46802
3247     1.46936
3248     1.47072
3249     1.47208
3250     1.47344
3251     1.47479
3252     1.47612
3253     1.47742
3254     1.4787
3255     1.47993
3256     1.48113
3257     1.4823
3258     1.48342
3259     1.4845
3260     1.48554
3261     1.48655
3262     1.48752
3263     1.48846
3264     1.48936
3265     1.49023
3266     1.49107
3267     1.49187
3268     1.49265
3269     1.4934
3270     1.49412
3271     1.49481
3272     1.49548
3273     1.49612
3274     1.49674
3275     1.49734
3276     1.49793
3277     1.49851
3278     1.49909
3279     1.49968
3280     1.50027
3281     1.50088
3282     1.50151
3283     1.50216
3284     1.50284
3285     1.50354
3286     1.50428
3287     1.50503
3288     1.50581
3289     1.50661
3290     1.50742
3291     1.50824
3292     1.50906
3293     1.50988
3294     1.51067
3295     1.51144
3296     1.51217
3297     1.51285
3298     1.51347
3299     1.51402
3300     1.51448
3301     1.51487
3302     1.51516
3303     1.51537
3304     1.5155
3305     1.51555
3306     1.51553
3307     1.51547
3308     1.51537
3309     1.51526
3310     1.51515
3311     1.51508
3312     1.51505
3313     1.51509
3314     1.51521
3315     1.51544
3316     1.51577
3317     1.51622
3318     1.51679
3319     1.51747
3320     1.51826
3321     1.51915
3322     1.52012
3323     1.52115
3324     1.52222
3325     1.5233
3326     1.52438
3327     1.52543
3328     1.52642
3329     1.52734
3330     1.52818
3331     1.52893
3332     1.5296
3333     1.53018
3334     1.53069
3335     1.53115
3336     1.53159
3337     1.53201
3338     1.53245
3339     1.5329
3340     1.53339
3341     1.5339
3342     1.53445
3343     1.53503
3344     1.53562
3345     1.53622
3346     1.53683
3347     1.53745
3348     1.53808
3349     1.53874
3350     1.53946
3351     1.54025
3352     1.54112
3353     1.54209
3354     1.54314
3355     1.54427
3356     1.54544
3357     1.54664
3358     1.54783
3359     1.54898
3360     1.55009
3361     1.55113
3362     1.55211
3363     1.55302
3364     1.55385
3365     1.5546
3366     1.55529
3367     1.55591
3368     1.55645
3369     1.55693
3370     1.55733
3371     1.55767
3372     1.55794
3373     1.55815
3374     1.5583
3375     1.5584
3376     1.55845
3377     1.55845
3378     1.55843
3379     1.55837
3380     1.5583
3381     1.55822
3382     1.55813
3383     1.55804
3384     1.55794
3385     1.55785
3386     1.55776
3387     1.55767
3388     1.55758
3389     1.55749
3390     1.5574
3391     1.55732
3392     1.55723
3393     1.55716
3394     1.55709
3395     1.55705
3396     1.55703
3397     1.55705
3398     1.55712
3399     1.55724
3400     1.55743
3401     1.5577
3402     1.55804
3403     1.55845
3404     1.55893
3405     1.55948
3406     1.56008
3407     1.56073
3408     1.56142
3409     1.56216
3410     1.56294
3411     1.56376
3412     1.56464
3413     1.56557
3414     1.56655
3415     1.5676
3416     1.56869
3417     1.56983
3418     1.571
3419     1.57219
3420     1.57338
3421     1.57455
3422     1.57568
3423     1.57677
3424     1.57781
3425     1.57877
3426     1.57967
3427     1.58048
3428     1.58121
3429     1.58185
3430     1.58239
3431     1.58285
3432     1.58321
3433     1.58347
3434     1.58364
3435     1.58372
3436     1.58371
3437     1.58362
3438     1.58346
3439     1.58325
3440     1.58301
3441     1.58276
3442     1.58255
3443     1.58241
3444     1.58238
3445     1.58251
3446     1.58284
3447     1.58339
3448     1.58417
3449     1.58518
3450     1.58641
3451     1.58783
3452     1.58938
3453     1.59101
3454     1.59269
3455     1.59435
3456     1.59596
3457     1.59749
3458     1.59891
3459     1.60021
3460     1.60139
3461     1.60244
3462     1.60337
3463     1.6042
3464     1.60493
3465     1.60557
3466     1.60615
3467     1.60667
3468     1.60714
3469     1.60757
3470     1.60797
3471     1.60832
3472     1.60864
3473     1.60891
3474     1.60914
3475     1.6093
3476     1.60941
3477     1.60944
3478     1.60941
3479     1.6093
3480     1.60911
3481     1.60886
3482     1.60856
3483     1.6082
3484     1.60783
3485     1.60745
3486     1.6071
3487     1.60682
3488     1.60663
3489     1.60658
3490     1.6067
3491     1.60701
3492     1.60752
3493     1.60824
3494     1.60915
3495     1.61022
3496     1.61144
3497     1.61275
3498     1.61412
3499     1.6155
3500     1.61687
3501     1.61819
3502     1.61946
3503     1.62064
3504     1.62174
3505     1.62275
3506     1.62368
3507     1.62452
3508     1.62528
3509     1.62597
3510     1.62658
3511     1.62712
3512     1.62758
3513     1.62798
3514     1.6283
3515     1.62854
3516     1.62871
3517     1.6288
3518     1.62882
3519     1.62878
3520     1.62868
3521     1.62854
3522     1.62836
3523     1.62817
3524     1.62799
3525     1.62782
3526     1.62769
3527     1.62762
3528     1.6276
3529     1.62766
3530     1.6278
3531     1.62803
3532     1.62834
3533     1.62874
3534     1.62923
3535     1.62982
3536     1.63049
3537     1.63125
3538     1.6321
3539     1.63303
3540     1.63405
3541     1.63516
3542     1.63635
3543     1.63765
3544     1.63905
3545     1.64057
3546     1.64221
3547     1.64399
3548     1.64587
3549     1.64786
3550     1.64991
3551     1.652
3552     1.65409
3553     1.65614
3554     1.65812
3555     1.66
3556     1.66178
3557     1.66343
3558     1.66494
3559     1.66632
3560     1.66756
3561     1.66868
3562     1.66967
3563     1.67054
3564     1.67131
3565     1.67198
3566     1.67257
3567     1.67309
3568     1.67356
3569     1.67398
3570     1.67436
3571     1.67472
3572     1.67506
3573     1.6754
3574     1.67574
3575     1.6761
3576     1.67648
3577     1.67691
3578     1.6774
3579     1.67796
3580     1.67861
3581     1.67936
3582     1.68022
3583     1.68119
3584     1.68227
3585     1.68346
3586     1.68476
3587     1.68616
3588     1.68767
3589     1.68927
3590     1.69094
3591     1.69268
3592     1.69445
3593     1.69622
3594     1.69798
3595     1.69969
3596     1.70132
3597     1.70286
3598     1.70428
3599     1.70558
3600     1.70675
3601     1.70778
3602     1.70869
3603     1.70947
3604     1.71015
3605     1.71073
3606     1.71124
3607     1.7117
3608     1.71211
3609     1.7125
3610     1.71289
3611     1.71328
3612     1.71369
3613     1.71411
3614     1.71456
3615     1.71504
3616     1.71555
3617     1.71609
3618     1.71667
3619     1.71729
3620     1.71795
3621     1.71866
3622     1.7194
3623     1.72018
3624     1.72098
3625     1.7218
3626     1.72261
3627     1.72342
3628     1.72419
3629     1.72493
3630     1.72562
3631     1.72626
3632     1.72683
3633     1.72733
3634     1.72776
3635     1.72812
3636     1.72839
3637     1.72859
3638     1.7287
3639     1.72872
3640     1.72864
3641     1.72846
3642     1.72818
3643     1.72779
3644     1.72729
3645     1.72667
3646     1.72595
3647     1.72512
3648     1.72419
3649     1.72316
3650     1.72206
3651     1.7209
3652     1.7197
3653     1.71847
3654     1.71725
3655     1.71605
3656     1.71492
3657     1.71386
3658     1.71291
3659     1.7121
3660     1.71143
3661     1.71093
3662     1.71061
3663     1.71046
3664     1.71051
3665     1.71073
3666     1.71112
3667     1.71168
3668     1.71239
3669     1.71324
3670     1.7142
3671     1.71526
3672     1.7164
3673     1.7176
3674     1.71885
3675     1.72013
3676     1.72143
3677     1.72273
3678     1.72402
3679     1.72531
3680     1.72657
3681     1.72782
3682     1.72906
3683     1.73028
3684     1.7315
3685     1.73273
3686     1.73396
3687     1.73522
3688     1.7365
3689     1.73782
3690     1.73917
3691     1.74055
3692     1.74196
3693     1.74339
3694     1.74482
3695     1.74624
3696     1.74763
3697     1.74897
3698     1.75025
3699     1.75145
3700     1.75257
3701     1.75359
3702     1.7545
3703     1.75532
3704     1.75605
3705     1.7567
3706     1.75728
3707     1.75781
3708     1.7583
3709     1.75876
3710     1.75921
3711     1.75965
3712     1.76006
3713     1.76045
3714     1.76081
3715     1.76111
3716     1.76136
3717     1.76154
3718     1.76166
3719     1.7617
3720     1.76169
3721     1.76165
3722     1.76157
3723     1.76149
3724     1.76142
3725     1.76137
3726     1.76135
3727     1.76136
3728     1.76142
3729     1.7615
3730     1.76161
3731     1.76174
3732     1.76188
3733     1.76204
3734     1.76221
3735     1.7624
3736     1.76261
3737     1.76286
3738     1.76316
3739     1.76352
3740     1.76396
3741     1.76448
3742     1.76509
3743     1.7658
3744     1.76659
3745     1.76747
3746     1.76842
3747     1.76944
3748     1.7705
3749     1.77159
3750     1.7727
3751     1.77381
3752     1.77492
3753     1.77602
3754     1.77711
3755     1.77817
3756     1.77922
3757     1.78025
3758     1.78127
3759     1.78229
3760     1.7833
3761     1.78431
3762     1.78533
3763     1.78636
3764     1.78741
3765     1.78847
3766     1.78954
3767     1.79062
3768     1.7917
3769     1.79277
3770     1.79383
3771     1.79485
3772     1.79584
3773     1.79678
3774     1.79766
3775     1.79847
3776     1.79922
3777     1.79989
3778     1.8005
3779     1.80103
3780     1.80151
3781     1.80192
3782     1.80228
3783     1.80259
3784     1.80286
3785     1.80309
3786     1.80329
3787     1.80346
3788     1.80359
3789     1.80368
3790     1.80372
3791     1.80371
3792     1.80364
3793     1.80351
3794     1.80332
3795     1.80306
3796     1.80274
3797     1.80237
3798     1.80198
3799     1.80157
3800     1.80118
3801     1.80081
3802     1.80051
3803     1.80028
3804     1.80015
3805     1.80014
3806     1.80025
3807     1.8005
3808     1.80088
3809     1.80139
3810     1.80201
3811     1.80274
3812     1.80356
3813     1.80444
3814     1.80539
3815     1.80637
3816     1.80739
3817     1.80844
3818     1.80951
3819     1.81061
3820     1.81174
3821     1.8129
3822     1.81411
3823     1.81536
3824     1.81667
3825     1.81803
3826     1.81945
3827     1.82092
3828     1.82244
3829     1.82402
3830     1.82564
3831     1.8273
3832     1.82899
3833     1.83071
3834     1.83245
3835     1.83419
3836     1.83592
3837     1.83762
3838     1.83927
3839     1.84086
3840     1.84237
3841     1.84378
3842     1.84509
3843     1.8463
3844     1.84742
3845     1.84846
3846     1.84945
3847     1.85042
3848     1.85139
3849     1.85239
3850     1.85344
3851     1.85456
3852     1.85574
3853     1.85698
3854     1.85827
3855     1.85959
3856     1.86093
3857     1.86227
3858     1.86361
3859     1.86493
3860     1.86625
3861     1.86756
3862     1.86888
3863     1.87023
3864     1.87161
3865     1.87305
3866     1.87454
3867     1.87609
3868     1.8777
3869     1.87935
3870     1.88104
3871     1.88274
3872     1.88443
3873     1.88609
3874     1.8877
3875     1.88923
3876     1.89069
3877     1.89205
3878     1.89332
3879     1.8945
3880     1.89559
3881     1.89659
3882     1.8975
3883     1.89832
3884     1.89905
3885     1.89968
3886     1.90021
3887     1.90063
3888     1.90095
3889     1.90116
3890     1.90128
3891     1.90131
3892     1.90127
3893     1.90118
3894     1.90103
3895     1.90084
3896     1.90061
3897     1.90037
3898     1.9001
3899     1.89983
3900     1.89954
3901     1.89925
3902     1.89897
3903     1.8987
3904     1.89844
3905     1.89822
3906     1.89804
3907     1.89792
3908     1.89786
3909     1.89789
3910     1.89801
3911     1.89823
3912     1.89855
3913     1.89897
3914     1.89947
3915     1.90007
3916     1.90074
3917     1.90146
3918     1.90224
3919     1.90305
3920     1.90387
3921     1.9047
3922     1.90553
3923     1.90634
3924     1.90714
3925     1.90791
3926     1.90864
3927     1.90935
3928     1.91001
3929     1.91063
3930     1.91121
3931     1.91173
3932     1.91219
3933     1.9126
3934     1.91295
3935     1.91324
3936     1.91348
3937     1.91369
3938     1.91385
3939     1.914
3940     1.91412
3941     1.91423
3942     1.91434
3943     1.91445
3944     1.91458
3945     1.91471
3946     1.91486
3947     1.91502
3948     1.91521
3949     1.91542
3950     1.91566
3951     1.91592
3952     1.91621
3953     1.91653
3954     1.91686
3955     1.9172
3956     1.91753
3957     1.91785
3958     1.91812
3959     1.91834
3960     1.91847
3961     1.91849
3962     1.9184
3963     1.91819
3964     1.91784
3965     1.91738
3966     1.9168
3967     1.91615
3968     1.91546
3969     1.91477
3970     1.91411
3971     1.91354
3972     1.9131
3973     1.9128
3974     1.91267
3975     1.91271
3976     1.91293
3977     1.91332
3978     1.91385
3979     1.91453
3980     1.91533
3981     1.91623
3982     1.91722
3983     1.91827
3984     1.91936
3985     1.92047
3986     1.92157
3987     1.92264
3988     1.92365
3989     1.92458
3990     1.92542
3991     1.92614
3992     1.92674
3993     1.92722
3994     1.92757
3995     1.92781
3996     1.92795
3997     1.92802
3998     1.92805
3999     1.92808
4000     1.92816
4001     1.92833
4002     1.92864
4003     1.92915
4004     1.9299
4005     1.93091
4006     1.93221
4007     1.93381
4008     1.93568
4009     1.93782
4010     1.94019
4011     1.94275
4012     1.94545
4013     1.94826
4014     1.95112
4015     1.95401
4016     1.95688
4017     1.95972
4018     1.96248
4019     1.96515
4020     1.96768
4021     1.97005
4022     1.97221
4023     1.97413
4024     1.97578
4025     1.97712
4026     1.97815
4027     1.97887
4028     1.97929
4029     1.97945
4030     1.97942
4031     1.97926
4032     1.97907
4033     1.97892
4034     1.97888
4035     1.97901
4036     1.97931
4037     1.97977
4038     1.98036
4039     1.98101
4040     1.98166
4041     1.98226
4042     1.98275
4043     1.98312
4044     1.98335
4045     1.98344
4046     1.98341
4047     1.98329
4048     1.98311
4049     1.9829
4050     1.9827
4051     1.98255
4052     1.98246
4053     1.98248
4054     1.9826
4055     1.98286
4056     1.98324
4057     1.98374
4058     1.98436
4059     1.98507
4060     1.98587
4061     1.98672
4062     1.98762
4063     1.98855
4064     1.98949
4065     1.99044
4066     1.99139
4067     1.99233
4068     1.99326
4069     1.99419
4070     1.99512
4071     1.99604
4072     1.99696
4073     1.99786
4074     1.99877
4075     1.99966
4076     2.00054
4077     2.00141
4078     2.00227
4079     2.0031
4080     2.00393
4081     2.00473
4082     2.00551
4083     2.00628
4084     2.00701
4085     2.00773
4086     2.00841
4087     2.00907
4088     2.00971
4089     2.01032
4090     2.01091
4091     2.01149
4092     2.01205
4093     2.01261
4094     2.01317
4095     2.01374
4096     2.01432
4097     2.01493
4098     2.01557
4099     2.01625
4100     2.01699
4101     2.01778
4102     2.01861
4103     2.0195
4104     2.02041
4105     2.02134
4106     2.02226
4107     2.02316
4108     2.02402
4109     2.02483
4110     2.02559
4111     2.02632
4112     2.02703
4113     2.02777
4114     2.02858
4115     2.02953
4116     2.03067
4117     2.03203
4118     2.03366
4119     2.03555
4120     2.0377
4121     2.04005
4122     2.04257
4123     2.0452
4124     2.04789
4125     2.05058
4126     2.05323
4127     2.05579
4128     2.05822
4129     2.06048
4130     2.06253
4131     2.06436
4132     2.06593
4133     2.06724
4134     2.06827
4135     2.06902
4136     2.06951
4137     2.06975
4138     2.06975
4139     2.06954
4140     2.06913
4141     2.06857
4142     2.06786
4143     2.06705
4144     2.06617
4145     2.06524
4146     2.0643
4147     2.06338
4148     2.06251
4149     2.06171
4150     2.06102
4151     2.06043
4152     2.05998
4153     2.05968
4154     2.05952
4155     2.05951
4156     2.05966
4157     2.05995
4158     2.06037
4159     2.06091
4160     2.06155
4161     2.06226
4162     2.06302
4163     2.06379
4164     2.06455
4165     2.06527
4166     2.06593
4167     2.06652
4168     2.06701
4169     2.06742
4170     2.06774
4171     2.06799
4172     2.06819
4173     2.06836
4174     2.06853
4175     2.06874
4176     2.06901
4177     2.06937
4178     2.06984
4179     2.07044
4180     2.07118
4181     2.07207
4182     2.07311
4183     2.07428
4184     2.07558
4185     2.07699
4186     2.07849
4187     2.08007
4188     2.08169
4189     2.08335
4190     2.08501
4191     2.08667
4192     2.0883
4193     2.0899
4194     2.09146
4195     2.09297
4196     2.09442
4197     2.09582
4198     2.09717
4199     2.09847
4200     2.09972
4201     2.10093
4202     2.10211
4203     2.10327
4204     2.10442
4205     2.10559
4206     2.10679
4207     2.10804
4208     2.10934
4209     2.1107
4210     2.11214
4211     2.11365
4212     2.11522
4213     2.11685
4214     2.11852
4215     2.12022
4216     2.12192
4217     2.12361
4218     2.12526
4219     2.12686
4220     2.12838
4221     2.12982
4222     2.13116
4223     2.13242
4224     2.13359
4225     2.13471
4226     2.13581
4227     2.13695
4228     2.13818
4229     2.13957
4230     2.14118
4231     2.14305
4232     2.14521
4233     2.14764
4234     2.1503
4235     2.15312
4236     2.15601
4237     2.15888
4238     2.16166
4239     2.16427
4240     2.16666
4241     2.16882
4242     2.17071
4243     2.17236
4244     2.17377
4245     2.17498
4246     2.17601
4247     2.17692
4248     2.17775
4249     2.17855
4250     2.17938
4251     2.18027
4252     2.18129
4253     2.18245
4254     2.18378
4255     2.18529
4256     2.18699
4257     2.18887
4258     2.19091
4259     2.19311
4260     2.19545
4261     2.1979
4262     2.20046
4263     2.20309
4264     2.20578
4265     2.20851
4266     2.21123
4267     2.21393
4268     2.21657
4269     2.21913
4270     2.22159
4271     2.22392
4272     2.2261
4273     2.22814
4274     2.23001
4275     2.23173
4276     2.23329
4277     2.2347
4278     2.23597
4279     2.23711
4280     2.23815
4281     2.23911
4282     2.24001
4283     2.2409
4284     2.2418
4285     2.24273
4286     2.24372
4287     2.24476
4288     2.24586
4289     2.247
4290     2.24815
4291     2.24928
4292     2.25037
4293     2.25139
4294     2.25232
4295     2.25314
4296     2.25384
4297     2.25442
4298     2.25488
4299     2.25523
4300     2.25548
4301     2.25565
4302     2.25575
4303     2.2558
4304     2.2558
4305     2.25575
4306     2.25564
4307     2.25546
4308     2.2552
4309     2.25483
4310     2.25435
4311     2.25374
4312     2.25302
4313     2.2522
4314     2.2513
4315     2.25037
4316     2.24943
4317     2.24853
4318     2.24769
4319     2.24694
4320     2.2463
4321     2.24582
4322     2.24554
4323     2.24549
4324     2.24573
4325     2.24627
4326     2.24706
4327     2.24803
4328     2.24905
4329     2.25
4330     2.25079
4331     2.25136
4332     2.2517
4333     2.25183
4334     2.25179
4335     2.25165
4336     2.25146
4337     2.25128
4338     2.25115
4339     2.2511
4340     2.25114
4341     2.25127
4342     2.25147
4343     2.25173
4344     2.25203
4345     2.25234
4346     2.25265
4347     2.25295
4348     2.25321
4349     2.25345
4350     2.25364
4351     2.25379
4352     2.25389
4353     2.25396
4354     2.25399
4355     2.25399
4356     2.25397
4357     2.25395
4358     2.25395
4359     2.254
4360     2.25413
4361     2.25437
4362     2.25475
4363     2.25531
4364     2.25606
4365     2.25701
4366     2.25815
4367     2.25946
4368     2.2609
4369     2.26244
4370     2.26403
4371     2.26564
4372     2.26722
4373     2.26875
4374     2.27019
4375     2.27154
4376     2.27277
4377     2.27388
4378     2.27486
4379     2.27572
4380     2.27648
4381     2.27714
4382     2.27774
4383     2.27833
4384     2.27893
4385     2.27962
4386     2.28042
4387     2.28138
4388     2.28252
4389     2.28387
4390     2.28541
4391     2.28715
4392     2.28906
4393     2.29114
4394     2.29338
4395     2.29576
4396     2.29829
4397     2.30096
4398     2.30377
4399     2.30668
4400     2.30968
4401     2.31273
4402     2.31576
4403     2.31874
4404     2.3216
4405     2.32428
4406     2.32674
4407     2.32895
4408     2.33087
4409     2.33251
4410     2.33385
4411     2.33492
4412     2.33572
4413     2.33629
4414     2.33666
4415     2.33685
4416     2.3369
4417     2.33684
4418     2.33669
4419     2.33649
4420     2.33625
4421     2.33599
4422     2.33574
4423     2.33551
4424     2.33533
4425     2.3352
4426     2.33514
4427     2.33518
4428     2.33533
4429     2.3356
4430     2.33602
4431     2.33657
4432     2.33728
4433     2.33814
4434     2.33914
4435     2.34026
4436     2.34149
4437     2.3428
4438     2.34418
4439     2.34558
4440     2.34698
4441     2.34835
4442     2.34969
4443     2.35096
4444     2.35214
4445     2.35324
4446     2.35424
4447     2.35514
4448     2.35592
4449     2.35661
4450     2.35719
4451     2.35767
4452     2.35807
4453     2.35841
4454     2.35869
4455     2.35896
4456     2.35923
4457     2.35954
4458     2.35991
4459     2.36038
4460     2.36097
4461     2.36168
4462     2.36251
4463     2.36347
4464     2.36452
4465     2.36565
4466     2.36681
4467     2.36798
4468     2.36913
4469     2.37022
4470     2.37122
4471     2.37212
4472     2.37291
4473     2.37356
4474     2.37409
4475     2.3745
4476     2.3748
4477     2.375
4478     2.37513
4479     2.37521
4480     2.37526
4481     2.37531
4482     2.37538
4483     2.37548
4484     2.37563
4485     2.37584
4486     2.37611
4487     2.37644
4488     2.3768
4489     2.3772
4490     2.37759
4491     2.37797
4492     2.37831
4493     2.37859
4494     2.37879
4495     2.37891
4496     2.37895
4497     2.37891
4498     2.3788
4499     2.37865
4500     2.37848
4501     2.37832
4502     2.37821
4503     2.37818
4504     2.37826
4505     2.37847
4506     2.37884
4507     2.37938
4508     2.38008
4509     2.38096
4510     2.382
4511     2.38318
4512     2.38449
4513     2.38591
4514     2.38743
4515     2.38903
4516     2.3907
4517     2.39242
4518     2.39418
4519     2.39597
4520     2.3978
4521     2.39965
4522     2.40153
4523     2.40342
4524     2.40533
4525     2.40725
4526     2.40916
4527     2.41105
4528     2.41291
4529     2.41471
4530     2.41643
4531     2.41806
4532     2.41958
4533     2.42099
4534     2.42229
4535     2.42346
4536     2.42451
4537     2.42543
4538     2.42619
4539     2.42677
4540     2.42716
4541     2.42733
4542     2.42729
4543     2.42706
4544     2.42667
4545     2.42619
4546     2.42571
4547     2.42532
4548     2.42512
4549     2.42518
4550     2.42557
4551     2.42633
4552     2.42746
4553     2.42895
4554     2.43075
4555     2.43281
4556     2.43508
4557     2.43751
4558     2.44006
4559     2.44267
4560     2.44533
4561     2.448
4562     2.45065
4563     2.45327
4564     2.45583
4565     2.45833
4566     2.46075
4567     2.46308
4568     2.46532
4569     2.46746
4570     2.46951
4571     2.47148
4572     2.47337
4573     2.4752
4574     2.47699
4575     2.47874
4576     2.48047
4577     2.48218
4578     2.48385
4579     2.48549
4580     2.48706
4581     2.48855
4582     2.48995
4583     2.49123
4584     2.4924
4585     2.49346
4586     2.49443
4587     2.49532
4588     2.49616
4589     2.49699
4590     2.49785
4591     2.49875
4592     2.49972
4593     2.50078
4594     2.50194
4595     2.5032
4596     2.50453
4597     2.50592
4598     2.50735
4599     2.50877
4600     2.51015
4601     2.51146
4602     2.51268
4603     2.51377
4604     2.51475
4605     2.51561
4606     2.51636
4607     2.51705
4608     2.51772
4609     2.51842
4610     2.51921
4611     2.52013
4612     2.52121
4613     2.52246
4614     2.52385
4615     2.52535
4616     2.52688
4617     2.52838
4618     2.52977
4619     2.531
4620     2.53201
4621     2.53277
4622     2.53326
4623     2.53348
4624     2.53346
4625     2.53322
4626     2.53282
4627     2.53229
4628     2.53171
4629     2.53111
4630     2.53054
4631     2.53005
4632     2.52964
4633     2.52932
4634     2.52909
4635     2.52893
4636     2.52881
4637     2.52871
4638     2.52862
4639     2.5285
4640     2.52836
4641     2.52818
4642     2.52798
4643     2.52775
4644     2.52753
4645     2.52732
4646     2.52715
4647     2.52702
4648     2.52696
4649     2.52698
4650     2.52711
4651     2.52737
4652     2.52779
4653     2.52839
4654     2.52917
4655     2.53013
4656     2.53126
4657     2.53251
4658     2.53386
4659     2.53528
4660     2.53675
4661     2.53827
4662     2.53985
4663     2.54149
4664     2.54321
4665     2.54505
4666     2.54701
4667     2.54911
4668     2.55136
4669     2.55376
4670     2.55631
4671     2.559
4672     2.56182
4673     2.56476
4674     2.56779
4675     2.57089
4676     2.57405
4677     2.57724
4678     2.58044
4679     2.58363
4680     2.58677
4681     2.58986
4682     2.59287
4683     2.59577
4684     2.59856
4685     2.6012
4686     2.60368
4687     2.60598
4688     2.60807
4689     2.60994
4690     2.61157
4691     2.61295
4692     2.61409
4693     2.61498
4694     2.61563
4695     2.61607
4696     2.61631
4697     2.61637
4698     2.61627
4699     2.61605
4700     2.61573
4701     2.61533
4702     2.61489
4703     2.61447
4704     2.61413
4705     2.61396
4706     2.61406
4707     2.61452
4708     2.61542
4709     2.61679
4710     2.61864
4711     2.62091
4712     2.62353
4713     2.62641
4714     2.62947
4715     2.63262
4716     2.63578
4717     2.63889
4718     2.64186
4719     2.64463
4720     2.64716
4721     2.64939
4722     2.65131
4723     2.65291
4724     2.65419
4725     2.6552
4726     2.65597
4727     2.65655
4728     2.65702
4729     2.65743
4730     2.65785
4731     2.65832
4732     2.65891
4733     2.65964
4734     2.66053
4735     2.66161
4736     2.66288
4737     2.66435
4738     2.66601
4739     2.66787
4740     2.66992
4741     2.67213
4742     2.67447
4743     2.6769
4744     2.67936
4745     2.68179
4746     2.6841
4747     2.68622
4748     2.68811
4749     2.6897
4750     2.69098
4751     2.69196
4752     2.69264
4753     2.69308
4754     2.69332
4755     2.6934
4756     2.69338
4757     2.6933
4758     2.69319
4759     2.69308
4760     2.69301
4761     2.693
4762     2.69308
4763     2.69329
4764     2.69365
4765     2.6942
4766     2.69495
4767     2.69591
4768     2.69709
4769     2.69847
4770     2.70005
4771     2.70181
4772     2.70371
4773     2.70575
4774     2.70789
4775     2.71014
4776     2.71248
4777     2.71492
4778     2.71744
4779     2.72005
4780     2.72276
4781     2.72554
4782     2.72837
4783     2.73125
4784     2.73413
4785     2.737
4786     2.73982
4787     2.74257
4788     2.74524
4789     2.74782
4790     2.75034
4791     2.7528
4792     2.75523
4793     2.75768
4794     2.76018
4795     2.76277
4796     2.76548
4797     2.76833
4798     2.77132
4799     2.77442
4800     2.7776
4801     2.78081
4802     2.78399
4803     2.78706
4804     2.78998
4805     2.79269
4806     2.79515
4807     2.79733
4808     2.79922
4809     2.80081
4810     2.80209
4811     2.80307
4812     2.80376
4813     2.80418
4814     2.80434
4815     2.80427
4816     2.80398
4817     2.80351
4818     2.8029
4819     2.80219
4820     2.80145
4821     2.80074
4822     2.80013
4823     2.79968
4824     2.79946
4825     2.79951
4826     2.79984
4827     2.80047
4828     2.80135
4829     2.80245
4830     2.8037
4831     2.80504
4832     2.80643
4833     2.80781
4834     2.80914
4835     2.8104
4836     2.81157
4837     2.81263
4838     2.81357
4839     2.81438
4840     2.81505
4841     2.8156
4842     2.81603
4843     2.81637
4844     2.81663
4845     2.81684
4846     2.81704
4847     2.81725
4848     2.81749
4849     2.8178
4850     2.81818
4851     2.81865
4852     2.8192
4853     2.8198
4854     2.82045
4855     2.82109
4856     2.82167
4857     2.82216
4858     2.82251
4859     2.82267
4860     2.82263
4861     2.82237
4862     2.82189
4863     2.82122
4864     2.8204
4865     2.81948
4866     2.81851
4867     2.81756
4868     2.8167
4869     2.81597
4870     2.81542
4871     2.81507
4872     2.81493
4873     2.81497
4874     2.81518
4875     2.81552
4876     2.81596
4877     2.81646
4878     2.81701
4879     2.81757
4880     2.81817
4881     2.8188
4882     2.81948
4883     2.82025
4884     2.82114
4885     2.82217
4886     2.82337
4887     2.82477
4888     2.82638
4889     2.82822
4890     2.83028
4891     2.83257
4892     2.83507
4893     2.83776
4894     2.84062
4895     2.84362
4896     2.84675
4897     2.84997
4898     2.85326
4899     2.85659
4900     2.85992
4901     2.86323
4902     2.86647
4903     2.86959
4904     2.87253
4905     2.87525
4906     2.87771
4907     2.87985
4908     2.88167
4909     2.88314
4910     2.88427
4911     2.88507
4912     2.88557
4913     2.88581
4914     2.88583
4915     2.88569
4916     2.88542
4917     2.8851
4918     2.88476
4919     2.88444
4920     2.88418
4921     2.88401
4922     2.88393
4923     2.88396
4924     2.88411
4925     2.88437
4926     2.88475
4927     2.88526
4928     2.88592
4929     2.88673
4930     2.88773
4931     2.88896
4932     2.89045
4933     2.89225
4934     2.89442
4935     2.89699
4936     2.89999
4937     2.90343
4938     2.90729
4939     2.91154
4940     2.9161
4941     2.92089
4942     2.92581
4943     2.93077
4944     2.93568
4945     2.94044
4946     2.945
4947     2.9493
4948     2.9533
4949     2.95697
4950     2.96032
4951     2.96331
4952     2.96597
4953     2.9683
4954     2.97031
4955     2.97202
4956     2.97344
4957     2.97459
4958     2.97548
4959     2.97611
4960     2.9765
4961     2.97664
4962     2.97654
4963     2.9762
4964     2.97562
4965     2.97481
4966     2.97377
4967     2.97253
4968     2.97113
4969     2.9696
4970     2.968
4971     2.9664
4972     2.96488
4973     2.96352
4974     2.96242
4975     2.96167
4976     2.96137
4977     2.9616
4978     2.96243
4979     2.96389
4980     2.966
4981     2.96871
4982     2.97197
4983     2.97569
4984     2.97976
4985     2.98407
4986     2.98851
4987     2.99302
4988     2.9975
4989     3.00192
4990     3.00623
4991     3.0104
4992     3.0144
4993     3.01819
4994     3.02175
4995     3.02505
4996     3.02805
4997     3.03072
4998     3.03305
4999     3.03502
